1973
428
1957
1925
1719
1797
321
1804
1971
922
1976
1863
2008
1806
1833
1809
1707
1954
1811
1815
1915
1799
1917
1664
1937
1775
1685
1756
1940
1660
1859
1916
1989
1763
1994
1716
1689
1866
1708
1670
1982
1870
1847
1627
1819
1786
1828
1640
1699
1722
1737
1882
1666
1871
1703
1770
1623
1837
1636
1655
1930
1739
1810
1805
1861
1922
1993
1896
1760
2002
1779
1633
1972
1856
1641
1718
2004
1730
1826
1923
1753
1735
660
1988
1796
1990
1720
1626
1788
1700
942
1902
1943
1758
1839
1924
938
1634
1724
1983
1683
1687
1904
1907
1757
2001
1910
1849
1781
1981
1743
1851
2009
619
1898
1891
1751
1765
1959
1888
1894
1759
389
1964
1900
1742
1672
1969
1978
1933
1906
1807
1867
1838
1960
1814
1950
1918
1726
1986
1746
2006
1949
1784
